500000.E+00  2853.15E-07  2870.08E-07
100000.E+01  1398.25E-07  1416.35E-07
150000.E+01  1960.49E-07  1979.59E-07
200000.E+01  1838.40E-07  1856.89E-07
250000.E+01  1376.32E-07  1395.47E-07
300000.E+01  1535.83E-07  1554.17E-07
350000.E+01  2531.10E-07  2550.49E-07
400000.E+01  2138.26E-07  2158.31E-07
450000.E+01  4679.37E-07  4699.32E-07
500000.E+01  1415.87E-07  1435.94E-07
550000.E+01  1947.57E-07  1967.61E-07
600000.E+01  1299.68E-07  1320.27E-07
650000.E+01  1324.32E-07  1345.49E-07
700000.E+01  1347.59E-07  1369.33E-07
750000.E+01  1668.84E-07  1690.61E-07
800000.E+01  1933.94E-07  1955.73E-07
850000.E+01  3274.20E-07  3296.63E-07
900000.E+01  1553.75E-07  1575.65E-07
950000.E+01  3823.39E-07  3846.10E-07
100000.E+02  2561.46E-07  2586.59E-07
105000.E+02  4318.75E-08  4363.87E-08
110000.E+02  8772.00E-08  8836.26E-08
115000.E+02  4315.58E-08  4382.42E-08
120000.E+02  5266.97E-08  5329.91E-08
125000.E+02  4201.56E-08  4267.14E-08
130000.E+02  4470.15E-08  4533.99E-08
135000.E+02  4440.37E-08  4505.83E-08
140000.E+02  5330.86E-08  5396.32E-08
145000.E+02  5573.53E-08  5639.83E-08
150000.E+02  7715.64E-08  7781.82E-08
155000.E+02  7313.75E-08  7376.33E-08
160000.E+02  1765.02E-07  1771.44E-07
165000.E+02  6064.53E-08  6129.15E-08
170000.E+02  5808.70E-08  5880.82E-08
175000.E+02  6949.08E-08  7017.54E-08
180000.E+02  7014.30E-08  7082.88E-08
185000.E+02  1270.92E-07  1277.68E-07
190000.E+02  5867.97E-08  5935.47E-08
195000.E+02  4833.67E-08  4904.53E-08
200000.E+02  9365.46E-08  9437.94E-08
205000.E+02  4625.34E-08  4699.74E-08
210000.E+02  4369.60E-07  4376.72E-07
215000.E+02  1013.00E-07  1020.02E-07
220000.E+02  8539.41E-08  8614.17E-08
225000.E+02  7464.66E-08  7554.00E-08
230000.E+02  1272.13E-07  1284.87E-07
235000.E+02  1050.94E-07  1065.93E-07
240000.E+02  1219.57E-07  1234.89E-07
245000.E+02  1098.02E-07  1113.33E-07
250000.E+02  1180.57E-07  1196.20E-07
255000.E+02  2194.60E-07  2210.04E-07
260000.E+02  1234.68E-07  1250.86E-07
265000.E+02  1667.34E-07  1683.18E-07
270000.E+02  3854.48E-07  3871.08E-07
275000.E+02  1149.71E-07  1168.52E-07
280000.E+02  8022.59E-08  8087.57E-08
285000.E+02  6373.75E-08  6458.59E-08
290000.E+02  4277.66E-07  4286.17E-07
295000.E+02  1555.55E-07  1564.03E-07
300000.E+02  5947.03E-08  6031.09E-08
305000.E+02  5812.93E-08  5899.15E-08
310000.E+02  9650.13E-08  9736.71E-08
315000.E+02  7802.94E-08  7892.46E-08
320000.E+02  1428.68E-07  1437.67E-07
325000.E+02  8396.27E-08  8485.25E-08
330000.E+02  1441.66E-07  1450.85E-07
335000.E+02  1413.56E-07  1422.55E-07
340000.E+02  2342.60E-07  2351.87E-07
345000.E+02  9872.90E-08  9968.12E-08
350000.E+02  1138.59E-07  1147.66E-07
355000.E+02  7013.80E-08  7106.62E-08
360000.E+02  9758.10E-08  9855.72E-08
365000.E+02  2233.82E-07  2243.45E-07
370000.E+02  6200.84E-08  6299.36E-08
375000.E+02  7209.62E-08  7305.38E-08
380000.E+02  1066.26E-07  1076.81E-07
385000.E+02  9951.32E-08  1005.56E-07
390000.E+02  1397.70E-07  1408.71E-07
395000.E+02  1042.09E-07  1052.60E-07
400000.E+02  7677.46E-08  7800.64E-08
405000.E+02  5112.26E-07  5150.41E-07
410000.E+02  5717.98E-07  5760.72E-07
415000.E+02  6236.33E-07  6281.12E-07
420000.E+02  5052.63E-07  5098.99E-07
425000.E+02  6930.26E-07  6979.60E-07
430000.E+02  4498.81E-07  4551.14E-07
435000.E+02  5385.48E-07  5441.57E-07
440000.E+02  4533.38E-07  4594.54E-07
445000.E+02  6363.43E-07  6428.93E-07
450000.E+02  6742.59E-07  6816.43E-07
455000.E+02  7475.18E-07  7560.40E-07
460000.E+02  8319.79E-07  8424.49E-07
465000.E+02  1235.66E-06  1250.61E-06
470000.E+02  1899.36E-06  1928.70E-06
475000.E+02  2207.75E-06  2245.44E-06
480000.E+02  8152.20E-07  8315.36E-07
485000.E+02  8766.38E-08  8961.16E-08
490000.E+02  3125.97E-09  3228.97E-09
495000.E+02  0000.00E+00  0000.00E+00
500000.E+02  0000.00E+00  0000.00E+00
